tc=0:1:200;
%Q =atan((3937*(3955384558610845008430962297335923120363797683259083357567275441543190052288102935104472481792000000000000*tc.^3 + 518165031740423345074677018614270681899315917358100953447066439528185611430280986676514967781376000000000000*tc.^2 + 2010561485199447285739357012821999155032869905191827712093211359497061300828324590796373414117376000000000000*tc + 6412864314803079673340128021735097249148586047167198039524319267303955314918817792000000000000))./(515625*(1091001758952562790909808773137366723622408879612135545318959673602256181709164726036113793501183717933056*tc.^5 + 185100318034691052738390503421166959702086562029324494043264643018176665304296170178868366789589303851745280*tc.^4 + 17059147458300616423685896224724685074273580650939802968339375284434338839734536891628621427856522711987650560*tc.^3 + 607585819063070142445576974272627178555216667012341508624678696263387999624484957253547273452407763510031810560*tc.^2 + 3602270754308564427207233182961531532767329341059883104443915183577647187027972732997223404089057290180917985280*tc + 5732039150988967605689710176533125741544646525896316957667102776259543453890033441979209773237513380238570091181)) + (3937*(3955384558610846501708869501176038930185528414062016888214445977829707421149163935849219358720000000000000*tc.^3 + 518165031740423549797861862560500099788473792011427820611710402984751342323063227595635199836160000000000000*tc.^2 + 2010561485199449200504466903256512224029658862537747056964621663782259613754288024301626101596160000000000000*tc + 6412864314803085780653400875106069203264241039989621091402163617871482160121118720000000000000))./(515625*(1091001758952562790909808773137366723622408879612135545318959673602256181709164726036113793501183717933056*tc.^5 + 185100318034691052738390503421166959702086562029324494043264643018176665304296170178868366789589303851745280*tc.^4 + 17059147458300616423685896224724685074273580650939802968339375284434338839734536891628621427856522711987650560*tc.^3 + 607585819063070142445576974272627178555216667012341508624678696263387999624484957253547273452407763510031810560*tc.^2 + 3602270754308564427207233182961531532767329341059883104443915183577647187027972732997223404089057290180917985280*tc + 5732039150988967605689710176533125741544646525896316957667102776259543453890033441979209773237513380238570091181)));

%T =(((3937*(3955384558610845008430962297335923120363797683259083357567275441543190052288102935104472481792000000000000*tc.^3 + 518165031740423345074677018614270681899315917358100953447066439528185611430280986676514967781376000000000000*tc.^2 + 2010561485199447285739357012821999155032869905191827712093211359497061300828324590796373414117376000000000000*tc + 6412864314803079673340128021735097249148586047167198039524319267303955314918817792000000000000))./(2578125*(1091001758952562790909808773137366723622408879612135545318959673602256181709164726036113793501183717933056*tc.^5 + 185100318034691052738390503421166959702086562029324494043264643018176665304296170178868366789589303851745280*tc.^4 + 17059147458300616423685896224724685074273580650939802968339375284434338839734536891628621427856522711987650560*tc.^3 + 607585819063070142445576974272627178555216667012341508624678696263387999624484957253547273452407763510031810560*tc.^2 + 3602270754308564427207233182961531532767329341059883104443915183577647187027972732997223404089057290180917985280*tc + 5732039150988967605689710176533125741544646525896316957667102776259543453890033441979209773237513380238570091181)) + (3937*(3955384558610846501708869501176038930185528414062016888214445977829707421149163935849219358720000000000000*tc.^3 + 518165031740423549797861862560500099788473792011427820611710402984751342323063227595635199836160000000000000*tc.^2 + 2010561485199449200504466903256512224029658862537747056964621663782259613754288024301626101596160000000000000*tc + 6412864314803085780653400875106069203264241039989621091402163617871482160121118720000000000000))./(2578125*(1091001758952562790909808773137366723622408879612135545318959673602256181709164726036113793501183717933056*tc.^5 + 185100318034691052738390503421166959702086562029324494043264643018176665304296170178868366789589303851745280*tc.^4 + 17059147458300616423685896224724685074273580650939802968339375284434338839734536891628621427856522711987650560*tc.^3 + 607585819063070142445576974272627178555216667012341508624678696263387999624484957253547273452407763510031810560*tc.^2 + 3602270754308564427207233182961531532767329341059883104443915183577647187027972732997223404089057290180917985280*tc + 5732039150988967605689710176533125741544646525896316957667102776259543453890033441979209773237513380238570091181))).*(1091001758952562790909808773137366723622408879612135545318959673602256181709164726036113793501183717933056*tc.^5 + 185100318034691052738390503421166959702086562029324494043264643018176665304296170178868366789589303851745280*tc.^4 + 17059147458300616423685896224724685074273580650939802968339375284434338839734536891628621427856522711987650560*tc.^3 + 607585819063070142445576974272627178555216667012341508624678696263387999624484957253547273452407763510031810560*tc.^2 + 3602270754308564427207233182961531532767329341059883104443915183577647187027972732997223404089057290180917985280*tc + 5732039150988967605689710176533125741544646525896316957667102776259543453890033441979209773237513380238570091181))./(20097629649157804545377407117091795506587081492752385952695572680691633373084794668474404175872000000000000000000*tc.^2 + 443097699035132212151493876799293603860851164091997383756493974704071527410200610768400882335744000000000000000000*tc + 1451517699065360048413113673333145066024644468311659718485693866930727112610321949677539790159872000000000000000000);
 
